24 0.4295654296875
26 0.441162109375
25 0.5584716796875
24 0.429931640625
25 0.539794921875
44 0.9293212890625
49 0.9139404296875
51 0.9134521484375
58 0.9715576171875
51 0.91455078125
58 0.91748046875
58 0.9720458984375
58 0.9708251953125
59 0.9573974609375
60 0.96728515625
66 0.984619140625
62 0.9716796875
62 0.9627685546875
62 0.97265625
74 0.9732666015625
92 0.9837646484375
92 0.992919921875
90 0.9844970703125
85 0.9842529296875
86 0.9903564453125
91 0.9901123046875
84 0.9906005859375
79 0.98193359375
84 0.98486328125
88 0.992431640625
