28 0.7542724609375
27 0.7593994140625
28 0.907470703125
30 0.6427001953125
29 0.8204345703125
26 0.6014404296875
27 0.89404296875
27 0.7532958984375
26 0.600830078125
29 0.8118896484375
29 0.8074951171875
29 0.6463623046875
26 0.8358154296875
31 0.7965087890625
28 0.8409423828125
45 0.8775634765625
50 0.9281005859375
42 0.9405517578125
51 0.8809814453125
44 0.8616943359375
57 0.925048828125
49 0.9622802734375
45 0.8780517578125
48 0.9337158203125
50 0.894287109375
51 0.925048828125
42 0.92138671875
49 0.92578125
45 0.883544921875
52 0.9154052734375
59 0.9718017578125
61 0.97021484375
58 0.9449462890625
65 0.972900390625
60 0.9720458984375
56 0.9676513671875
64 0.953125
53 0.916259765625
60 0.968994140625
55 0.9365234375
59 0.962890625
62 0.9666748046875
61 0.95458984375
65 0.973388671875
64 0.971923828125
