30 0.700439453125
26 0.8641357421875
26 0.5755615234375
27 0.83984375
27 0.8372802734375
26 0.8572998046875
27 0.8377685546875
28 0.90478515625
26 0.668212890625
27 0.7618408203125
27 0.8345947265625
26 0.5733642578125
26 0.8614501953125
26 0.572265625
30 0.65966796875
46 0.9022216796875
48 0.920166015625
46 0.927734375
50 0.909912109375
54 0.9251708984375
52 0.937255859375
45 0.877685546875
51 0.93505859375
49 0.9608154296875
51 0.9510498046875
51 0.8946533203125
44 0.9373779296875
51 0.9415283203125
51 0.8876953125
42 0.8935546875
59 0.9705810546875
57 0.9698486328125
59 0.9674072265625
59 0.965576171875
63 0.9742431640625
54 0.9515380859375
64 0.9658203125
59 0.965087890625
59 0.9814453125
65 0.9656982421875
58 0.9691162109375
59 0.9625244140625
54 0.9605712890625
56 0.9688720703125
57 0.9681396484375
