29 0.8919677734375
27 0.9014892578125
26 0.5589599609375
29 0.6573486328125
27 0.839599609375
26 0.5526123046875
26 0.5462646484375
30 0.6964111328125
26 0.55908203125
26 0.8333740234375
28 0.9085693359375
27 0.8349609375
30 0.6524658203125
30 0.6971435546875
27 0.9039306640625
44 0.8751220703125
47 0.8779296875
42 0.9376220703125
50 0.9090576171875
52 0.9354248046875
52 0.9449462890625
52 0.948974609375
48 0.892578125
57 0.933349609375
57 0.932861328125
52 0.9344482421875
45 0.90625
42 0.943115234375
42 0.94384765625
42 0.9166259765625
56 0.9544677734375
59 0.9515380859375
60 0.9769287109375
65 0.974609375
56 0.958984375
61 0.96630859375
56 0.9580078125
60 0.9405517578125
63 0.9744873046875
59 0.9786376953125
54 0.949462890625
63 0.9620361328125
63 0.9747314453125
60 0.97412109375
58 0.9642333984375
