24 0.45166015625
25 0.48193359375
24 0.439453125
26 0.468017578125
25 0.4833984375
55 0.93017578125
52 0.952880859375
52 0.943359375
59 0.968994140625
53 0.9273681640625
56 0.98486328125
60 0.96630859375
63 0.970458984375
64 0.9720458984375
58 0.9737548828125
62 0.9779052734375
64 0.9490966796875
63 0.9722900390625
77 0.9791259765625
62 0.9705810546875
86 0.988525390625
78 0.9912109375
87 0.986572265625
81 0.984375
97 0.98779296875
86 0.989013671875
82 0.9774169921875
80 0.990478515625
81 0.98828125
84 0.9842529296875
