29 0.8299560546875
28 0.6607666015625
28 0.8936767578125
28 0.9013671875
29 0.635986328125
30 0.586181640625
26 0.798583984375
28 0.901123046875
27 0.830078125
28 0.66552734375
26 0.489501953125
27 0.7548828125
31 0.8082275390625
30 0.5928955078125
31 0.79248046875
26 0.4864501953125
26 0.84033203125
30 0.59521484375
28 0.88916015625
28 0.679931640625
30 0.587890625
30 0.7568359375
30 0.5916748046875
26 0.8438720703125
29 0.63330078125
50 0.8790283203125
47 0.9351806640625
45 0.9259033203125
47 0.86279296875
47 0.9332275390625
45 0.904052734375
56 0.94873046875
49 0.943603515625
47 0.8385009765625
44 0.8675537109375
47 0.861328125
53 0.9583740234375
43 0.915771484375
42 0.9202880859375
49 0.9150390625
42 0.9083251953125
48 0.9503173828125
45 0.9066162109375
47 0.9129638671875
52 0.941650390625
44 0.952880859375
49 0.8924560546875
45 0.8983154296875
45 0.8709716796875
50 0.9130859375
60 0.9775390625
58 0.9373779296875
62 0.97412109375
62 0.973388671875
56 0.9576416015625
60 0.9639892578125
62 0.95654296875
59 0.96875
64 0.96533203125
66 0.9735107421875
59 0.9736328125
63 0.9609375
58 0.96875
62 0.9515380859375
59 0.9627685546875
63 0.96142578125
58 0.9317626953125
60 0.970703125
57 0.9686279296875
63 0.96533203125
57 0.9600830078125
62 0.96875
56 0.9627685546875
63 0.963134765625
59 0.970458984375
