24 0.451171875
24 0.4267578125
25 0.4825439453125
24 0.4368896484375
24 0.4329833984375
22 0.4150390625
22 0.410888671875
24 0.4322509765625
25 0.561767578125
25 0.5816650390625
24 0.4305419921875
22 0.4207763671875
22 0.420654296875
24 0.439208984375
26 0.4521484375
25 0.471435546875
25 0.4779052734375
25 0.4793701171875
25 0.4769287109375
24 0.4375
24 0.4307861328125
26 0.4447021484375
24 0.432861328125
25 0.47607421875
25 0.464599609375
53 0.9552001953125
55 0.94384765625
47 0.901611328125
55 0.9254150390625
49 0.9295654296875
47 0.9049072265625
51 0.92724609375
59 0.9537353515625
54 0.9193115234375
51 0.957275390625
53 0.9246826171875
49 0.8458251953125
48 0.9378662109375
55 0.9322509765625
49 0.951171875
51 0.9552001953125
50 0.855224609375
55 0.9591064453125
53 0.9444580078125
56 0.968017578125
48 0.8321533203125
47 0.8944091796875
51 0.92724609375
51 0.875244140625
47 0.8614501953125
58 0.9842529296875
57 0.9615478515625
61 0.9752197265625
68 0.9761962890625
59 0.9744873046875
66 0.9798583984375
57 0.978271484375
60 0.968505859375
63 0.956298828125
62 0.9638671875
71 0.9886474609375
64 0.964111328125
80 0.9771728515625
65 0.9630126953125
62 0.9658203125
77 0.9898681640625
97 0.9945068359375
94 0.9859619140625
85 0.9915771484375
77 0.9886474609375
75 0.98779296875
79 0.9925537109375
